1 25544U 98067A   18332.51648093  .00016717  00000-0  10270-3 0  9000
2 25544  51.6394 279.8120 0005142  90.0655 270.1087 15.54020670 24063

1 25544U 98067A   18333.54537890  .00016717  00000-0  10270-3 0  9017
2 25544  51.6389 274.6845 0005219  92.9609 267.2141 15.54025786 24228

1 25544U 98067A   18334.50996899  .00016717  00000-0  10270-3 0  9023
2 25544  51.6387 269.8768 0005118  96.9090 263.2645 15.54024789 24375

1 25544U 98067A   18335.53886247  .00016717  00000-0  10270-3 0  9033
2 25544  51.6396 264.7481 0005088  99.7680 260.4048 15.54044176 24539

1 25544U 98067A   18336.50344805  .00016717  00000-0  10270-3 0  9041
2 25544  51.6392 259.9404 0005129 102.6829 257.4897 15.54032585 24686

1 25544U 98067A   18337.53233680  .00016717  00000-0  10270-3 0  9054
2 25544  51.6395 254.8125 0005010 108.2314 251.9384 15.54075241 24847

1 25544U 98067A   18337.78955816  .00016717  00000-0  10270-3 0  9064
2 25544  51.6378 253.5285 0004847 109.9543 250.2132 15.54052936 24883

1 25544U 98067A   18337.85386549  .00016717  00000-0  10270-3 0  9074
2 25544  51.6365 253.2053 0005241 112.6536 247.5162 15.54021506 24893

1 25544U 98067A   18338.68983495  .00016717  00000-0  10270-3 0  9080
2 25544  51.6396 249.0419 0004857 111.3328 248.8344 15.54058628 25020

1 25544U 98067A   18338.81844686  .00016717  00000-0  10270-3 0  9094
2 25544  51.6374 248.3977 0005095 115.1767 244.9914 15.54030429 25042

1 25544U 98067A   18339.78302760  .00016717  00000-0  10270-3 0  9105
2 25544  51.6378 243.5897 0005350 118.0621 242.1073 15.54052781 25196

1 25544U 98067A   18340.49038666  .00016717  00000-0  10270-3 0  9117
2 25544  51.6403 240.0685 0005069 117.2584 242.9086 15.54036680 25303

1 25544U 98067A   18341.51927112  .00016717  00000-0  10270-3 0  9125
2 25544  51.6400 234.9406 0004977 120.5771 239.5873 15.54042348 25466

1 25544U 98067A   18342.48384711  .00016717  00000-0  10270-3 0  9135
2 25544  51.6410 230.1330 0004911 124.3253 235.8365 15.54055556 25613

1 25544U 98067A   18343.51272866  .00016717  00000-0  10270-3 0  9148
2 25544  51.6400 225.0047 0005005 126.6923 233.4690 15.54047507 25773

1 25544U 98067A   18344.47730329  .00016717  00000-0  10270-3 0  9158
2 25544  51.6400 220.1973 0004835 131.3858 228.7710 15.54077449 25922

1 25544U 98067A   18344.99174276  .00016717  00000-0  10270-3 0  9169
2 25544  51.6385 217.6307 0005096 136.6894 223.4659 15.54054587 26006

1 25544U 98067A   18346.02061980  .00016717  00000-0  10270-3 0  9173
2 25544  51.6389 212.5019 0005029 139.5244 220.6284 15.54071708 26165

1 25544U 98067A   18346.98519370  .00016717  00000-0  10270-3 0  9180
2 25544  51.6382 207.6943 0005073 141.9924 218.1587 15.54048931 26317